  1.  8 5 7     2.  2 6 2     3.  1 6 4     4.  9 3 9     5.  7 8 5     6.  2 8 9     7.  9 7 8     8.  1 3 6   
    + 3 6 9       + 3 8 2       + 2 2 5       + 8 1 5       + 9 9 1       + 8 2 7       + 4 7 2       + 3 2 3   



  9.  1 7 4    10.  2 9 9    11.  2 8 6    12.  9 2 3    13.  1 4 1    14.  6 4 3    15.  5 3 4    16.  2 5 2   
    + 1 8 8       + 1 9 3       + 3 3 6       + 2 3 4       + 3 3 4       + 5 1 4       + 9 7 2       + 7 6 3   



 17.  2 4 1    18.  2 6 3    19.  9 6 3    20.  6 7 3    21.  5 1 3    22.  1 2 6    23.  6 3 9    24.  6 1 3   
    + 5 9 7       + 4 9 8       + 5 9 4       + 1 9 4       + 3 9 4       + 9 8 4       + 1 1 6       + 4 3 6   



 25.  1 6 6    26.  4 7 3    27.  7 2 7    28.  8 5 6    29.  4 4 3    30.  6 9 2    31.  1 6 3    32.  3 9 5   
    + 6 2 4       + 7 9 7       + 7 2 6       + 4 3 3       + 1 7 2       + 4 7 9       + 5 8 8       + 8 5 7   



 33.  2 5 9    34.  1 3 2    35.  6 4 7    36.  4 9 7    37.  6 9 1    38.  6 7 5    39.  2 1 2    40.  4 8 1   
    + 1 5 5       + 6 7 6       + 1 3 7       + 2 7 4       + 8 2 3       + 2 5 6       + 4 5 1       + 5 7 8   



 41.  8 9 7    42.  3 4 8    43.  1 5 4    44.  9 8 6    45.  4 4 2    46.  1 7 4    47.  9 5 3    48.  1 1 1   
    + 2 2 6       + 8 8 8       + 3 8 3       + 7 2 9       + 1 2 9       + 8 3 4       + 9 8 5       + 3 9 1   



 49.  7 3 3    50.  8 8 1    51.  2 6 2    52.  1 2 6    53.  9 2 2    54.  5 4 2    55.  2 7 5    56.  6 9 4   
    + 6 3 3       + 6 6 9       + 2 7 9       + 5 3 7       + 3 5 5       + 4 1 4       + 3 1 6       + 1 6 6   



 57.  9 9 9    58.  2 2 1    59.  4 1 5    60.  6 9 5    61.  9 3 4    62.  2 3 5    63.  1 5 7    64.  4 9 1   
    + 4 6 5       + 9 6 4       + 7 9 5       + 9 5 8       + 7 5 3       + 6 9 6       + 1 1 1       + 3 4 1   



 65.  5 1 7    66.  1 6 6    67.  6 7 8    68.  6 9 9    69.  6 4 1    70.  3 3 2    71.  8 4 7    72.  2 7 9   
    + 6 6 2       + 2 6 7       + 6 8 1       + 1 7 6       + 4 4 5       + 6 1 8       + 4 5 1       + 7 8 9   



 73.  7 7 4    74.  6 2 4    75.  6 6 6    76.  3 8 5    77.  1 5 2    78.  8 1 2    79.  1 8 7    80.  3 3 9   
    + 3 8 9       + 1 1 3       + 2 7 7       + 3 6 1       + 7 2 8       + 8 2 5       + 2 4 6       + 5 7 7   



 81.  7 2 4    82.  4 5 2    83.  3 4 8    84.  9 9 2    85.  5 5 1    86.  4 9 8    87.  8 1 5    88.  1 9 5   
    + 1 2 2       + 1 6 1       + 9 6 8       + 7 6 7       + 7 7 2       + 2 7 7       + 3 5 7       + 1 3 8   



 89.  4 2 5    90.  1 4 8    91.  3 1 2    92.  8 4 7    93.  9 9 3    94.  9 1 3    95.  2 6 7    96.  4 9 7   
    + 4 2 9       + 9 6 7       + 4 6 6       + 4 6 2       + 4 4 5       + 9 8 1       + 6 5 8       + 5 7 5   



 97.  3 9 9    98.  7 2 1    99.  5 5 2   100.  3 8 6   101.  3 1 8   102.  5 9 3   103.  4 1 4   104.  6 3 5   
    + 3 7 7       + 9 5 7       + 5 8 9       + 3 6 5       + 7 9 9       + 3 3 5       + 2 4 6       + 6 2 4   



105.  8 6 1   106.  8 1 3   107.  7 3 3   108.  7 2 4   109.  9 9 2   110.  2 2 2   111.  9 6 5   112.  8 2 6   
    + 6 5 9       + 2 1 4       + 5 3 1       + 2 9 5       + 7 2 2       + 6 4 5       + 8 8 2       + 7 1 3   



