  1) 1520   2) 1070   3) 1045   4) 1672   5)  552   6) 1127   7) 1278   8) 1110   9) 1152  10) 1313 

 11) 1554  12)  748  13) 1621  14) 1196  15)  512  16) 1305  17) 1020  18)  712  19)  534  20)  842 

 21) 1095  22) 1168  23) 1109  24) 1106  25)  835  26)  946  27)  328  28) 1168  29) 1030  30) 1382 

 31) 1551  32) 1185  33) 1056  34)  866  35) 1328  36) 1001  37) 1402  38) 1179  39) 1000  40)  925 

 41) 1951  42) 1168  43) 1562  44)  426  45)  749  46) 1426  47)  566  48)  945  49) 1543  50)  703 

 51) 1215  52) 1311  53)  966  54) 1076  55)  748  56) 1579  57) 1313  58)  987  59)  431  60)  490 

 61) 1389  62) 1089  63) 1085  64)  580  65) 1033  66)  798  67) 1508  68) 1883  69) 1686  70)  814 

 71) 1660  72)  740  73)  556  74)  885  75)  848  76) 1025  77)  666  78) 1334  79)  794  80) 1164 

 81) 1409  82)  581  83)  614  84) 1081  85) 1426  86) 1107  87)  681  88) 1193  89)  741  90) 1754 

 91) 1195  92) 1121  93) 1140  94)  647  95)  588  96) 1099  97) 1545  98) 1561  99) 1076 100) 1159 

101)  685 102) 1157 103) 1180 104) 1213 105) 1651 106) 1368 107) 1283 108)  647 109)  763 110) 1149 

111)  995 112)  590 113) 1087 114) 1196 115) 1351 116) 1484 117)  474 118)  637 119) 1190 120) 1473 

